-50 -201 100
-49 -200 100
-48 -199 100 
-47 -199 100 -198 100 -197 100 -198 100
-46 -196 100
-45 -196 100 -198 100
-44 -195 100
-43 -195 100 -198 100
-42 -194 100 -193 100 -192 200
-41 -191 100 -190 100 -189 200
-40 -188 100 -187 100 -186 200
-39 -185 100 -184 100 -183 200
-38 -182 120 -181 120 -180 120 -179 120
-37 -178 100
-36 -177 100
-35 -177 100 -176 100 -175 100 -176 100
-34 -174 100
-33 -174 100 -176 100
-32 -173 100
-31 -173 100 -176 100
-30 -172 100 -171 100 -170 200
-29 -169 100 -168 100 -167 200
-28 -166 100 -165 100 -164 200
-27 -163 100 -162 100 -161 200
-26 -160 120 -159 120 -158 120 -157 120
-25 -155 120
-24 -156 120