-201 249 7 265 39
-200 82 7 105 39
-199 0 7 24 39
-198 29 7 47 39
-197 55 7 76 39
-196 156 7 172 39
-195 131 7 147 39
-194 21 46 51 78
-193 52 46 74 78
-192 82 46 104 78
-191 20 91 50 123
-190 49 91 71 123
-189 79 91 101 123
-188 123 47 153 79
-187 153 47 175 79
-186 188 47 210 79
-185 123 91 153 123
-184 153 91 174 123
-183 188 91 210 123
-182 223 89 224 121
-181 254 89 274 121
-180 223 47 224 79
-179 254 47 274 79
-178 164 136 188 168
-177 250 136 274 168
-176 222 136 247 168
-175 193 136 217 168
-174 103 136 119 168
-173 128 136 145 168
-172 224 175 248 207
-171 193 175 217 207
-170 163 175 193 207
-169 225 220 249 252
-168 196 220 220 252
-167 166 220 196 252
-166 122 176 146 208
-165 92 176 116 208
-164 57 176 81 214
-163 122 220 146 252
-162 93 220 117 252
-161 57 220 81 258
-160 26 218 50 250
-159 2 218 26 250
-158 26 176 50 208
-157 2 176 26 208
-156 69 139 85 168
-155 190 10 206 39