100 8 9 68 38
101 92 9 152 31
102 179 9 208 22
103 432 9 448 38
104 348 9 364 31
105 260 9 320 38
112 8 52 68 81
113 92 52 152 74
114 179 52 208 65
115 432 52 448 38
116 348 52 364 74
117 260 52 320 65
106 33 133 109 162
107 117 133 193 155
108 203 133 248 145
109 473 133 489 162
110 389 133 405 155
111 302 133 378 145
118 33 93 109 122
119 117 93 193 115
120 203 93 248 105
121 473 93 489 122
122 389 93 405 115
123 302 93 378 105
124 33 172 109 201
125 117 172 193 194
126 203 172 248 184
127 473 172 489 201
128 389 172 405 194
129 302 172 378 184
130 33 212 109 241
131 117 212 193 234
132 203 212 248 224
133 473 212 489 241
134 389 212 405 234
135 302 212 378 224